manual -1
0 0
1 0
2 0
3 0
4 0
5 0
6 0
7 0
8 0
9 0
10 0
11 0
12 0
13 0
14 0
15 0
16 0
17 0
18 0
19 0
20 0
21 0
22 0
23 0
24 0
25 0
26 0
27 0
28 0
29 0
30 0
31 0
32 0
33 0
34 0
35 0
36 0
37 0
38 0
39 0
40 0
41 0
42 0
43 0
44 0
45 0
46 0
47 0
48 0
49 0
50 0
51 0
52 0
53 0
54 0
55 0
56 0
57 0
58 0
59 0
60 0
61 0
62 0
63 0
64 0
65 0
66 0
67 0
68 0
69 0
70 0
71 0
72 0
73 0
74 0
75 0
76 0
77 0
78 0
79 0
80 0
81 0
82 0
83 0
84 0
85 0
86 0
87 0
88 0
89 0
90 0
91 0
92 0
93 0
94 0
95 0
96 0
97 0
98 0
99 0
100 0
101 0
102 0
103 0
104 0
105 0
106 0
107 0
108 0
109 0
110 0
111 0
112 0
113 0
114 0
115 0
116 0
117 0
118 0
119 0
120 0
121 0
122 0
123 0
124 0
125 0
126 0
127 0
128 0
129 0
130 0
131 0
132 0
133 0
134 0
135 0
136 0
137 0
138 0
139 0
140 0
141 0
142 0
143 0
144 0
145 0
146 0
147 0
148 0
149 0
150 0
151 0
152 0
153 0
154 0
155 0
156 0
157 0
158 0
159 0
160 0
161 0
162 0
163 0
164 0
165 0
166 0
167 0
168 0
169 0
170 0
171 0
172 0
173 0
174 0
175 0
176 0
177 0
178 0
179 0
180 0
181 0
182 0
183 0
184 0
185 0
186 0
187 0
188 0
189 0
190 0
191 0
192 0
193 0
194 0
195 0
196 0
197 0
198 0
199 0
200 0
201 0
202 0
203 0
204 0
205 0
206 0
207 0
208 0
209 0
210 0
211 0
212 0
213 0
214 0
215 0
216 0
217 0
218 0
219 0
220 0
221 0
222 0
223 0
224 0
225 0
226 0
227 0
228 0
229 0
230 0
231 0
232 0
233 0
234 0
235 0
236 0
237 0
238 0
239 0
240 0
241 0
242 0
243 0
244 0
245 0
246 0
247 0
248 0
249 0
250 0
251 0
252 0
253 0
254 0
255 0
256 0
257 0
258 0
259 0
260 0
261 0
262 0
263 0
264 0
265 0
266 0
267 0
268 0
269 0
270 0
271 0
272 0
273 0
274 0
275 0
276 0
277 0
278 0
279 0
280 0
281 0
282 0
283 0
284 0
285 0
286 0
287 0
288 0
289 0
290 0
291 0
292 0
293 0
294 0
295 0
296 0
297 0
298 0
299 0
300 0
301 0
302 0
303 0
304 0
305 0
306 0
307 0
308 0
309 0
310 0
311 0
312 0
313 0
314 0
315 0
316 0
317 0
318 0
319 0
320 0
321 0
322 0
323 0
324 0
325 0
326 0
327 0
328 0
329 0
330 0
331 0
332 0
333 0
334 0
335 0
336 0
337 0
338 0
339 0
340 0
341 0
342 0
343 0
344 0
345 0
346 0
347 0
348 0
349 0
350 0
351 0
352 0
353 0
354 0
355 0
356 0
357 0
358 0
359 0
360 0.0
361 0.0044444444444444444
362 0.008888888888888889
363 0.013333333333333336
364 0.017777777777777778
365 0.022222222222222223
366 0.026666666666666672
367 0.031111111111111114
368 0.035555555555555556
369 0.04
370 0.044444444444444446
371 0.04888888888888889
372 0.053333333333333344
373 0.05777777777777778
374 0.06222222222222223
375 0.06666666666666667
376 0.07111111111111111
377 0.07555555555555557
378 0.08
379 0.08444444444444445
380 0.08888888888888889
381 0.09333333333333334
382 0.09777777777777778
383 0.10222222222222223
384 0.10666666666666669
385 0.1111111111111111
386 0.11555555555555556
387 0.12000000000000001
388 0.12444444444444445
389 0.12888888888888891
390 0.13333333333333333
391 0.13777777777777778
392 0.14222222222222222
393 0.14666666666666667
394 0.15111111111111114
395 0.15555555555555556
396 0.16
397 0.16444444444444445
398 0.1688888888888889
399 0.17333333333333334
400 0.17777777777777778
401 0.18222222222222226
402 0.18666666666666668
403 0.1911111111111111
404 0.19555555555555557
405 0.2
406 0.20444444444444446
407 0.2088888888888889
408 0.21333333333333337
409 0.2177777777777778
410 0.2222222222222222
411 0.22666666666666668
412 0.23111111111111113
413 0.23555555555555557
414 0.24000000000000002
415 0.24444444444444444
416 0.2488888888888889
417 0.25333333333333335
418 0.25777777777777783
419 0.26222222222222225
420 0.26666666666666666
421 0.27111111111111114
422 0.27555555555555555
423 0.28
424 0.28444444444444444
425 0.28888888888888886
426 0.29333333333333333
427 0.2977777777777778
428 0.3022222222222223
429 0.3066666666666667
430 0.3111111111111111
431 0.3155555555555556
432 0.32
433 0.3244444444444445
434 0.3288888888888889
435 0.3333333333333333
436 0.3377777777777778
437 0.3422222222222222
438 0.3466666666666667
439 0.35111111111111115
440 0.35555555555555557
441 0.36
442 0.3644444444444445
443 0.36888888888888893
444 0.37333333333333335
445 0.37777777777777777
446 0.3822222222222222
447 0.3866666666666667
448 0.39111111111111113
449 0.39555555555555555
450 0.4
451 0.40444444444444444
452 0.4088888888888889
453 0.4133333333333334
454 0.4177777777777778
455 0.4222222222222222
456 0.42666666666666675
457 0.43111111111111117
458 0.4355555555555556
459 0.44
460 0.4444444444444444
461 0.44888888888888895
462 0.45333333333333337
463 0.4577777777777778
464 0.46222222222222226
465 0.4666666666666667
466 0.47111111111111115
467 0.4755555555555556
468 0.48000000000000004
469 0.48444444444444446
470 0.4888888888888889
471 0.4933333333333334
472 0.4977777777777778
473 0.5022222222222222
474 0.5066666666666667
475 0.5111111111111111
476 0.5155555555555557
477 0.52
478 0.5244444444444445
479 0.5288888888888889
480 0.5333333333333333
481 0.5377777777777778
482 0.5422222222222223
483 0.5466666666666667
484 0.5511111111111111
485 0.5555555555555556
486 0.56
487 0.5644444444444445
488 0.5688888888888889
489 0.5733333333333334
490 0.5777777777777777
491 0.5822222222222223
492 0.5866666666666667
493 0.5911111111111111
494 0.5955555555555556
495 0.6
496 0.6044444444444446
497 0.6088888888888889
498 0.6133333333333334
499 0.6177777777777778
500 0.6222222222222222
501 0.6266666666666667
502 0.6311111111111112
503 0.6355555555555555
504 0.64
505 0.6444444444444445
506 0.648888888888889
507 0.6533333333333334
508 0.6577777777777778
509 0.6622222222222223
510 0.6666666666666666
511 0.6711111111111112
512 0.6755555555555556
513 0.68
514 0.6844444444444444
515 0.6888888888888889
516 0.6933333333333334
517 0.6977777777777778
518 0.7022222222222223
519 0.7066666666666667
520 0.7111111111111111
521 0.7155555555555556
522 0.72
523 0.7244444444444444
524 0.728888888888889
525 0.7333333333333333
526 0.7377777777777779
527 0.7422222222222222
528 0.7466666666666667
529 0.7511111111111112
530 0.7555555555555555
531 0.76
532 0.7644444444444444
533 0.768888888888889
534 0.7733333333333334
535 0.7777777777777778
536 0.7822222222222223
537 0.7866666666666666
538 0.7911111111111111
539 0.7955555555555557
540 0.8
541 0.8016666666666667
542 0.8033333333333333
543 0.805
544 0.8066666666666668
545 0.8083333333333333
546 0.81
547 0.8116666666666668
548 0.8133333333333334
549 0.8150000000000001
550 0.8166666666666668
551 0.8183333333333334
552 0.8200000000000001
553 0.8216666666666668
554 0.8233333333333334
555 0.8250000000000001
556 0.8266666666666667
557 0.8283333333333334
558 0.8300000000000001
559 0.8316666666666667
560 0.8333333333333334
561 0.8350000000000001
562 0.8366666666666667
563 0.8383333333333334
564 0.8400000000000001
565 0.8416666666666667
566 0.8433333333333334
567 0.8450000000000001
568 0.8466666666666667
569 0.8483333333333334
570 0.8500000000000001
571 0.8516666666666667
572 0.8533333333333334
573 0.8550000000000001
574 0.8566666666666667
575 0.8583333333333334
576 0.8600000000000001
577 0.8616666666666667
578 0.8633333333333334
579 0.865
580 0.8666666666666667
581 0.8683333333333334
582 0.8700000000000001
583 0.8716666666666667
584 0.8733333333333334
585 0.875
586 0.8766666666666667
587 0.8783333333333334
588 0.8800000000000001
589 0.8816666666666667
590 0.8833333333333334
591 0.885
592 0.8866666666666667
593 0.8883333333333334
594 0.89
595 0.8916666666666667
596 0.8933333333333334
597 0.895
598 0.8966666666666667
599 0.8983333333333334
600 0.9
601 0.9016666666666667
602 0.9033333333333333
603 0.905
604 0.9066666666666667
605 0.9083333333333334
606 0.91
607 0.9116666666666667
608 0.9133333333333333
609 0.915
610 0.9166666666666667
611 0.9183333333333334
612 0.92
613 0.9216666666666667
614 0.9233333333333333
615 0.925
616 0.9266666666666667
617 0.9283333333333333
618 0.93
619 0.9316666666666668
620 0.9333333333333333
621 0.935
622 0.9366666666666668
623 0.9383333333333334
624 0.9400000000000001
625 0.9416666666666667
626 0.9433333333333334
627 0.9450000000000001
628 0.9466666666666668
629 0.9483333333333334
630 0.9500000000000001
631 0.9516666666666667
632 0.9533333333333334
633 0.9550000000000001
634 0.9566666666666668
635 0.9583333333333334
636 0.9600000000000001
637 0.9616666666666667
638 0.9633333333333334
639 0.9650000000000001
640 0.9666666666666667
641 0.9683333333333334
642 0.9700000000000001
643 0.9716666666666667
644 0.9733333333333334
645 0.9750000000000001
646 0.9766666666666668
647 0.9783333333333334
648 0.9800000000000001
649 0.9816666666666667
650 0.9833333333333334
651 0.9850000000000001
652 0.9866666666666667
653 0.9883333333333334
654 0.99
655 0.9916666666666667
656 0.9933333333333334
657 0.9950000000000001
658 0.9966666666666667
659 0.9983333333333334
660 1
661 1
662 1
663 1
664 1
665 1
666 1
667 1
668 1
669 1
670 1
671 1
672 1
673 1
674 1
675 1
676 1
677 1
678 1
679 1
680 1
681 1
682 1
683 1
684 1
685 1
686 1
687 1
688 1
689 1
690 1
691 1
692 1
693 1
694 1
695 1
696 1
697 1
698 1
699 1
700 1
701 1
702 1
703 1
704 1
705 1
706 1
707 1
708 1
709 1
710 1
711 1
712 1
713 1
714 1
715 1
716 1
717 1
718 1
719 1
720 1
721 1
722 1
723 1
724 1
725 1
726 1
727 1
728 1
729 1
730 1
731 1
732 1
733 1
734 1
735 1
736 1
737 1
738 1
739 1
740 1
741 1
742 1
743 1
744 1
745 1
746 1
747 1
748 1
749 1
750 1
751 1
752 1
753 1
754 1
755 1
756 1
757 1
758 1
759 1
760 1
761 1
762 1
763 1
764 1
765 1
766 1
767 1
768 1
769 1
770 1
771 1
772 1
773 1
774 1
775 1
776 1
777 1
778 1
779 1
780 1.0
781 0.9976190476190476
782 0.9952380952380953
783 0.9928571428571429
784 0.9904761904761905
785 0.9880952380952381
786 0.9857142857142858
787 0.9833333333333333
788 0.9809523809523809
789 0.9785714285714285
790 0.9761904761904762
791 0.9738095238095238
792 0.9714285714285714
793 0.969047619047619
794 0.9666666666666667
795 0.9642857142857143
796 0.9619047619047619
797 0.9595238095238096
798 0.9571428571428572
799 0.9547619047619048
800 0.9523809523809523
801 0.95
802 0.9476190476190476
803 0.9452380952380952
804 0.9428571428571428
805 0.9404761904761905
806 0.9380952380952381
807 0.9357142857142857
808 0.9333333333333333
809 0.930952380952381
810 0.9285714285714286
811 0.9261904761904762
812 0.9238095238095239
813 0.9214285714285715
814 0.919047619047619
815 0.9166666666666666
816 0.9142857142857143
817 0.9119047619047619
818 0.9095238095238095
819 0.9071428571428571
820 0.9047619047619048
821 0.9023809523809524
822 0.9
823 0.8976190476190476
824 0.8952380952380953
825 0.8928571428571429
826 0.8904761904761904
827 0.888095238095238
828 0.8857142857142857
829 0.8833333333333333
830 0.8809523809523809
831 0.8785714285714286
832 0.8761904761904762
833 0.8738095238095238
834 0.8714285714285714
835 0.8690476190476191
836 0.8666666666666667
837 0.8642857142857143
838 0.861904761904762
839 0.8595238095238096
840 0.8571428571428572
841 0.8547619047619047
842 0.8523809523809524
843 0.85
844 0.8476190476190476
845 0.8452380952380952
846 0.8428571428571429
847 0.8404761904761905
848 0.8380952380952381
849 0.8357142857142857
850 0.8333333333333334
851 0.8309523809523809
852 0.8285714285714285
853 0.8261904761904761
854 0.8238095238095238
855 0.8214285714285714
856 0.819047619047619
857 0.8166666666666667
858 0.8142857142857143
859 0.8119047619047619
860 0.8095238095238095
861 0.8071428571428572
862 0.8047619047619048
863 0.8023809523809524
864 0.8
865 0.7976190476190477
866 0.7952380952380953
867 0.7928571428571428
868 0.7904761904761904
869 0.7880952380952381
870 0.7857142857142857
871 0.7833333333333333
872 0.780952380952381
873 0.7785714285714286
874 0.7761904761904762
875 0.7738095238095238
876 0.7714285714285715
877 0.769047619047619
878 0.7666666666666666
879 0.7642857142857142
880 0.7619047619047619
881 0.7595238095238095
882 0.7571428571428571
883 0.7547619047619047
884 0.7523809523809524
885 0.75
886 0.7476190476190476
887 0.7452380952380953
888 0.7428571428571429
889 0.7404761904761905
890 0.7380952380952381
891 0.7357142857142858
892 0.7333333333333334
893 0.730952380952381
894 0.7285714285714286
895 0.7261904761904762
896 0.7238095238095238
897 0.7214285714285714
898 0.719047619047619
899 0.7166666666666667
900 0.7142857142857143
901 0.7119047619047619
902 0.7095238095238094
903 0.7071428571428571
904 0.7047619047619047
905 0.7023809523809523
906 0.7
907 0.6976190476190476
908 0.6952380952380952
909 0.6928571428571428
910 0.6904761904761905
911 0.6880952380952381
912 0.6857142857142857
913 0.6833333333333333
914 0.680952380952381
915 0.6785714285714286
916 0.6761904761904762
917 0.6738095238095239
918 0.6714285714285715
919 0.6690476190476191
920 0.6666666666666667
921 0.6642857142857144
922 0.6619047619047619
923 0.6595238095238095
924 0.6571428571428571
925 0.6547619047619048
926 0.6523809523809524
927 0.65
928 0.6476190476190475
929 0.6452380952380952
930 0.6428571428571428
931 0.6404761904761904
932 0.638095238095238
933 0.6357142857142857
934 0.6333333333333333
935 0.6309523809523809
936 0.6285714285714286
937 0.6261904761904762
938 0.6238095238095238
939 0.6214285714285714
940 0.6190476190476191
941 0.6166666666666667
942 0.6142857142857143
943 0.611904761904762
944 0.6095238095238096
945 0.6071428571428572
946 0.6047619047619048
947 0.6023809523809525
948 0.6
949 0.5976190476190476
950 0.5952380952380952
951 0.5928571428571429
952 0.5904761904761905
953 0.5880952380952381
954 0.5857142857142856
955 0.5833333333333333
956 0.5809523809523809
957 0.5785714285714285
958 0.5761904761904761
959 0.5738095238095238
960 0.5714285714285714
961 0.569047619047619
962 0.5666666666666667
963 0.5642857142857143
964 0.5619047619047619
965 0.5595238095238095
966 0.5571428571428572
967 0.5547619047619048
968 0.5523809523809524
969 0.55
970 0.5476190476190477
971 0.5452380952380953
972 0.5428571428571429
973 0.5404761904761906
974 0.5380952380952381
975 0.5357142857142857
976 0.5333333333333333
977 0.530952380952381
978 0.5285714285714286
979 0.5261904761904762
980 0.5238095238095238
981 0.5214285714285714
982 0.519047619047619
983 0.5166666666666666
984 0.5142857142857142
985 0.5119047619047619
986 0.5095238095238095
987 0.5071428571428571
988 0.5047619047619047
989 0.5023809523809524
990 0.5
991 0.4976190476190476
992 0.49523809523809526
993 0.4928571428571429
994 0.4904761904761905
995 0.48809523809523814
996 0.48571428571428577
997 0.4833333333333333
998 0.4809523809523809
999 0.47857142857142854
1000 0.47619047619047616
1001 0.4738095238095238
1002 0.4714285714285714
1003 0.46904761904761905
1004 0.4666666666666667
1005 0.4642857142857143
1006 0.46190476190476193
1007 0.45952380952380956
1008 0.4571428571428572
1009 0.4547619047619048
1010 0.45238095238095233
1011 0.44999999999999996
1012 0.4476190476190476
1013 0.4452380952380952
1014 0.44285714285714284
1015 0.44047619047619047
1016 0.4380952380952381
1017 0.4357142857142857
1018 0.43333333333333335
1019 0.430952380952381
1020 0.4285714285714286
1021 0.42619047619047623
1022 0.42380952380952386
1023 0.4214285714285714
1024 0.419047619047619
1025 0.41666666666666663
1026 0.41428571428571426
1027 0.4119047619047619
1028 0.4095238095238095
1029 0.40714285714285714
1030 0.40476190476190477
1031 0.4023809523809524
1032 0.4
1033 0.39761904761904765
1034 0.3952380952380953
1035 0.3928571428571429
1036 0.3904761904761904
1037 0.38809523809523805
1038 0.3857142857142857
1039 0.3833333333333333
1040 0.38095238095238093
1041 0.37857142857142856
1042 0.3761904761904762
1043 0.3738095238095238
1044 0.37142857142857144
1045 0.36904761904761907
1046 0.3666666666666667
1047 0.3642857142857143
1048 0.36190476190476195
1049 0.3595238095238096
1050 0.3571428571428571
1051 0.3547619047619047
1052 0.35238095238095235
1053 0.35
1054 0.3476190476190476
1055 0.34523809523809523
1056 0.34285714285714286
1057 0.3404761904761905
1058 0.3380952380952381
1059 0.33571428571428574
1060 0.33333333333333337
1061 0.330952380952381
1062 0.3285714285714286
1063 0.32619047619047614
1064 0.32380952380952377
1065 0.3214285714285714
1066 0.319047619047619
1067 0.31666666666666665
1068 0.3142857142857143
1069 0.3119047619047619
1070 0.30952380952380953
1071 0.30714285714285716
1072 0.3047619047619048
1073 0.3023809523809524
1074 0.30000000000000004
1075 0.29761904761904767
1076 0.2952380952380952
1077 0.2928571428571428
1078 0.29047619047619044
1079 0.28809523809523807
1080 0.2857142857142857
1081 0.2833333333333333
1082 0.28095238095238095
1083 0.2785714285714286
1084 0.2761904761904762
1085 0.27380952380952384
1086 0.27142857142857146
1087 0.2690476190476191
1088 0.2666666666666667
1089 0.26428571428571423
1090 0.26190476190476186
1091 0.2595238095238095
1092 0.2571428571428571
1093 0.25476190476190474
1094 0.2523809523809524
1095 0.25
1096 0.24761904761904763
1097 0.24523809523809526
1098 0.24285714285714288
1099 0.2404761904761905
1100 0.23809523809523814
1101 0.23571428571428577
1102 0.23333333333333328
1103 0.2309523809523809
1104 0.22857142857142854
1105 0.22619047619047616
1106 0.2238095238095238
1107 0.22142857142857142
1108 0.21904761904761905
1109 0.21666666666666667
1110 0.2142857142857143
1111 0.21190476190476193
1112 0.20952380952380956
1113 0.20714285714285718
1114 0.2047619047619048
1115 0.20238095238095233
1116 0.19999999999999996
1117 0.19761904761904758
1118 0.1952380952380952
1119 0.19285714285714284
1120 0.19047619047619047
1121 0.1880952380952381
1122 0.18571428571428572
1123 0.18333333333333335
1124 0.18095238095238098
1125 0.1785714285714286
1126 0.17619047619047623
1127 0.17380952380952386
1128 0.17142857142857137
1129 0.169047619047619
1130 0.16666666666666663
1131 0.16428571428571426
1132 0.16190476190476188
1133 0.1595238095238095
1134 0.15714285714285714
1135 0.15476190476190477
1136 0.1523809523809524
1137 0.15000000000000002
1138 0.14761904761904765
1139 0.14523809523809528
1140 0.1428571428571429
1141 0.14047619047619042
1142 0.13809523809523805
1143 0.13571428571428568
1144 0.1333333333333333
1145 0.13095238095238093
1146 0.12857142857142856
1147 0.1261904761904762
1148 0.12380952380952381
1149 0.12142857142857144
1150 0.11904761904761907
1151 0.1166666666666667
1152 0.11428571428571432
1153 0.11190476190476195
1154 0.10952380952380958
1155 0.1071428571428571
1156 0.10476190476190472
1157 0.10238095238095235
1158 0.09999999999999998
1159 0.0976190476190476
1160 0.09523809523809523
1161 0.09285714285714286
1162 0.09047619047619049
1163 0.08809523809523812
1164 0.08571428571428574
1165 0.08333333333333337
1166 0.080952380952381
1167 0.07857142857142863
1168 0.07619047619047614
1169 0.07380952380952377
1170 0.0714285714285714
1171 0.06904761904761902
1172 0.06666666666666665
1173 0.06428571428571428
1174 0.06190476190476191
1175 0.059523809523809534
1176 0.05714285714285716
1177 0.05476190476190479
1178 0.05238095238095242
1179 0.050000000000000044
1180 0.04761904761904767
1181 0.04523809523809519
1182 0.042857142857142816
1183 0.04047619047619044
1184 0.03809523809523807
1185 0.0357142857142857
1186 0.033333333333333326
1187 0.030952380952380953
1188 0.02857142857142858
1189 0.02619047619047621
1190 0.023809523809523836
1191 0.021428571428571463
1192 0.01904761904761909
1193 0.01666666666666672
1194 0.014285714285714235
1195 0.011904761904761862
1196 0.00952380952380949
1197 0.0071428571428571175
1198 0.004761904761904745
1199 0.0023809523809523725
1200 0
1201 0
1202 0
1203 0
1204 0
1205 0
1206 0
1207 0
1208 0
1209 0
1210 0
1211 0
1212 0
1213 0
1214 0
1215 0
1216 0
1217 0
1218 0
1219 0
1220 0
1221 0
1222 0
1223 0
1224 0
1225 0
1226 0
1227 0
1228 0
1229 0
1230 0
1231 0
1232 0
1233 0
1234 0
1235 0
1236 0
1237 0
1238 0
1239 0
1240 0
1241 0
1242 0
1243 0
1244 0
1245 0
1246 0
1247 0
1248 0
1249 0
1250 0
1251 0
1252 0
1253 0
1254 0
1255 0
1256 0
1257 0
1258 0
1259 0
1260 0
1261 0
1262 0
1263 0
1264 0
1265 0
1266 0
1267 0
1268 0
1269 0
1270 0
1271 0
1272 0
1273 0
1274 0
1275 0
1276 0
1277 0
1278 0
1279 0
1280 0
1281 0
1282 0
1283 0
1284 0
1285 0
1286 0
1287 0
1288 0
1289 0
1290 0
1291 0
1292 0
1293 0
1294 0
1295 0
1296 0
1297 0
1298 0
1299 0
1300 0
1301 0
1302 0
1303 0
1304 0
1305 0
1306 0
1307 0
1308 0
1309 0
1310 0
1311 0
1312 0
1313 0
1314 0
1315 0
1316 0
1317 0
1318 0
1319 0
1320 0
1321 0
1322 0
1323 0
1324 0
1325 0
1326 0
1327 0
1328 0
1329 0
1330 0
1331 0
1332 0
1333 0
1334 0
1335 0
1336 0
1337 0
1338 0
1339 0
1340 0
1341 0
1342 0
1343 0
1344 0
1345 0
1346 0
1347 0
1348 0
1349 0
1350 0
1351 0
1352 0
1353 0
1354 0
1355 0
1356 0
1357 0
1358 0
1359 0
1360 0
1361 0
1362 0
1363 0
1364 0
1365 0
1366 0
1367 0
1368 0
1369 0
1370 0
1371 0
1372 0
1373 0
1374 0
1375 0
1376 0
1377 0
1378 0
1379 0
1380 0
1381 0
1382 0
1383 0
1384 0
1385 0
1386 0
1387 0
1388 0
1389 0
1390 0
1391 0
1392 0
1393 0
1394 0
1395 0
1396 0
1397 0
1398 0
1399 0
1400 0
1401 0
1402 0
1403 0
1404 0
1405 0
1406 0
1407 0
1408 0
1409 0
1410 0
1411 0
1412 0
1413 0
1414 0
1415 0
1416 0
1417 0
1418 0
1419 0
1420 0
1421 0
1422 0
1423 0
1424 0
1425 0
1426 0
1427 0
1428 0
1429 0
1430 0
1431 0
1432 0
1433 0
1434 0
1435 0
1436 0
1437 0
1438 0
1439 0
